19280986005
17050329301
20239298221
9611211094
21750689691
15090648274
19612578803
7608727566
16428715314
20045540438
7567376486
4183016718
6326414483
16405931667
7605341548
25605139280
9662570771
18822859472
12102712436
5221601885
16457239781
17228833966
20233535595
15017998446
15593590550
15025413226
21796638923
19612540303
6816252916
15029097345
8676449393
16211775189
15080154945
7597749608
8103897607
5119676219
7597772236
14720067935
25586681940
7597805746
16232457225
8694154265
7597816352
24785913101
12102031535
8062463768
7162232587
7597790448
18835226806
24743330659
