6960041505
2133853020
15972540973
3407720686
3564019633
5564238665
15442437923
8663759439
15092715196
8603294202
10583782635
14784071647
6104315442
17239287129
8602190601
16218790111
16252658675
16239430873
5235442017
10425265484
2984948973
16527059003
14701940084
16161920709
8100376003
17144846922
8061839404
16503478264
14533268158
16691353084
4960493416
14833075466
14786995758
10866853355
16728500805
14119727879
11944532605
12496851145
8782112767
15282795685
5270103209
14326468698
13239808523
17321441671
14482427077
15235357359
14115958224
15108444350
19238274509
15550312558
