2098756817
2098758219
2105183941
2142226547
4288639208
15339227197
11285829024
8379809452
16534297392
14487802363
17122557616
7147790019
14200146144
16422558776
7155676403
2142222953
15678234602
14421741105
8539126299
8093157692
6242149797
2115634916
7330767326
7906375348
8283431695
6997048264
10594794733
16161178832
8921611351
6850226508
14156674567
15551480405
15132415655
11558066476
8314787350
10748248265
4716483380
15491928771
8651848793
12337874195
9422040781
14671361299
6191966210
8570583868
9584481292
13748633573
16121350320
5197632337
14998850671
15331736864
