14913430809
9438488720
9435707801
15957766014
5481061338
9438488434
6679763661
16748295886
5370029551
12698971385
4369556479
2303213976
8792214545
9956041305
5602680799
11963227743
16834378775
4369556477
2482125467
14469295696
8474433578
4725010865
2482944528
2563349812
13303844934
2562522719
9106856667
13523358245
13131021644
7181409503
16116445330
14460994798
14461246407
8550216176
16757355737
9438489362
4429264802
14031409481
15737835073
13553986553
2482151609
6812201301
4135949611
6901856865
9671598808
2482940558
8517545975
5480485275
6759730575
3493440878
