Consulta: paris francia
Ranking Precision Exhautividad
1	0,0		0,0
2	0,5		0,02
3	0,666666666667		0,04
4	0,5		0,04
5	0,4		0,04
6	0,333333333333		0,04
7	0,428571428571		0,06
8	0,5		0,08
9	0,555555555556		0,1
10	0,5		0,1
11	0,454545454545		0,1
12	0,416666666667		0,1
13	0,384615384615		0,1
14	0,357142857143		0,1
15	0,4		0,12
16	0,4375		0,14
17	0,470588235294		0,16
18	0,444444444444		0,16
19	0,473684210526		0,18
20	0,5		0,2
21	0,52380952381		0,22
22	0,545454545455		0,24
23	0,521739130435		0,24
24	0,5		0,24
25	0,48		0,24
26	0,461538461538		0,24
27	0,481481481481		0,26
28	0,464285714286		0,26
29	0,48275862069		0,28
30	0,466666666667		0,28
31	0,483870967742		0,3
32	0,46875		0,3
33	0,454545454545		0,3
34	0,441176470588		0,3
35	0,428571428571		0,3
36	0,444444444444		0,32
37	0,432432432432		0,32
38	0,421052631579		0,32
39	0,410256410256		0,32
40	0,4		0,32
41	0,414634146341		0,34
42	0,428571428571		0,36
43	0,418604651163		0,36
44	0,409090909091		0,36
45	0,422222222222		0,38
46	0,413043478261		0,38
47	0,425531914894		0,4
48	0,416666666667		0,4
49	0,428571428571		0,42
50	0,44		0,44
51	0,450980392157		0,46
52	0,442307692308		0,46
53	0,433962264151		0,46
54	0,425925925926		0,46
55	0,418181818182		0,46
56	0,410714285714		0,46
57	0,40350877193		0,46
58	0,396551724138		0,46
59	0,389830508475		0,46
60	0,383333333333		0,46
61	0,393442622951		0,48
62	0,403225806452		0,5
63	0,412698412698		0,52
64	0,421875		0,54
65	0,430769230769		0,56
66	0,424242424242		0,56
67	0,417910447761		0,56
68	0,411764705882		0,56
69	0,405797101449		0,56
70	0,4		0,56
71	0,394366197183		0,56
72	0,402777777778		0,58
73	0,397260273973		0,58
74	0,405405405405		0,6
75	0,4		0,6
76	0,407894736842		0,62
77	0,402597402597		0,62
78	0,397435897436		0,62
79	0,405063291139		0,64
80	0,4125		0,66
81	0,41975308642		0,68
82	0,426829268293		0,7
83	0,421686746988		0,7
84	0,416666666667		0,7
85	0,411764705882		0,7
86	0,406976744186		0,7
87	0,402298850575		0,7
88	0,397727272727		0,7
89	0,404494382022		0,72
90	0,4		0,72
91	0,395604395604		0,72
92	0,391304347826		0,72
93	0,387096774194		0,72
94	0,382978723404		0,72
95	0,378947368421		0,72
96	0,375		0,72
97	0,371134020619		0,72
98	0,367346938776		0,72
99	0,373737373737		0,74
100	0,37		0,74
101	0,376237623762		0,76
102	0,382352941176		0,78
103	0,378640776699		0,78
104	0,375		0,78
105	0,380952380952		0,8
106	0,377358490566		0,8
107	0,373831775701		0,8
108	0,37037037037		0,8
109	0,366972477064		0,8
110	0,363636363636		0,8
111	0,36036036036		0,8
112	0,357142857143		0,8
113	0,353982300885		0,8
114	0,350877192982		0,8
115	0,347826086957		0,8
116	0,344827586207		0,8
117	0,34188034188		0,8
118	0,338983050847		0,8
119	0,336134453782		0,8
120	0,333333333333		0,8
121	0,330578512397		0,8
122	0,327868852459		0,8
123	0,325203252033		0,8
124	0,322580645161		0,8
125	0,32		0,8
126	0,31746031746		0,8
127	0,322834645669		0,82
128	0,3203125		0,82
129	0,325581395349		0,84
130	0,323076923077		0,84
131	0,320610687023		0,84
132	0,318181818182		0,84
133	0,315789473684		0,84
134	0,313432835821		0,84
135	0,311111111111		0,84
136	0,316176470588		0,86
137	0,321167883212		0,88
138	0,31884057971		0,88
139	0,323741007194		0,9
140	0,328571428571		0,92
141	0,326241134752		0,92
142	0,323943661972		0,92
143	0,321678321678		0,92
144	0,319444444444		0,92
145	0,31724137931		0,92
146	0,315068493151		0,92
147	0,312925170068		0,92
148	0,310810810811		0,92
149	0,308724832215		0,92
150	0,306666666667		0,92
