11091339224
8247550027
23674126106
5093712342
15781646439
16686305819
15855428469
13956920816
21380401529
10495077156
23325348511
5716397597
5088954592
15933843736
7485598792
15398822779
11609589456
9092607762
4724871789
4151159388
3672953626
5752688282
4811919256
14932070360
8444764341
7668308614
9713924161
3527401727
8444805286
13956920816
5149193012
15876994831
15781646439
7350993280
4811919256
14604191455
4147390408
8226451245
19074266894
4287727385
13553829103
25063115884
12124398596
24082639722
7466239194
9073177827
4788963707
8650436869
9756549793
4697913488
