4878049453
4867031268
5280792970
6930806783
8287710178
15763135128
12661559904
12789958974
8265127182
4158792550
18795898205
8271147893
14298735148
15478513755
15326068068
15396651844
22316152753
22613998254
2986538831
6989734416
17264441481
16673173361
22851637846
8472333404
5961835673
4486862745
6887024385
12932144795
5311451627
8502254161
15533167805
18817912362
26268073891
25502720221
8667866201
6263649729
412941910
6333148380
14221315313
22041451284
3996824781
22613739934
16658891408
23453133221
5265267919
9355319370
5961719903
6840512774
8294030188
332908851
