16440148178
5243589688
16550123183
4514381455
14057986310
8079251644
6525027197
8082832768
15486971746
1464325351
8266507900
14271711198
7998117453
14318209881
7765360366
5064604480
15570285816
17089599121
16700579771
12625407105
6059055870
14825378330
15232379861
6899524582
15341832892
6928920889
14919897410
12957669364
13017311653
6823390797
6042900406
6563304381
8646074911
12596261374
8288798933
8655176590
6352329311
15096135795
7825388362
6976981955
6119563815
15223848302
15022768835
8461265791
8595102395
12002834293
15383896413
13547361764
13477764193
8035387371
