9451890161
10040994265
11017599466
25212373200
17421998646
15119349377
4900924492
17134752975
4699684994
3831123571
7385453428
8068995775
6025916724
8069385696
6650008825
8387807090
5410500802
9595176741
8610740013
25701774725
25346646551
18183697002
5750309986
3421410399
14422060548
7890781200
7890781200
9166476838
6800050194
2576792959
8869666125
2321195194
17287749011
21645803044
16298609986
25447376180
12397449883
10166314845
8295056184
5278435189
71750135
16461775021
5241186755
11147917036
24950066756
17112740398
7656687226
10186176583
14038594251
14895549905
