8446268412
5420121912
8740398762
15120955600
16604267087
5847942352
8007220862
8268789501
7685636398
8608118651
8666008819
15338022493
14979550683
7102221215
12758953673
17242134425
14189750529
7662157308
17167356190
6204091391
8279368169
9307376622
6332918123
12963663853
15213627149
16732428514
15202418398
5390097678
8913827942
14128883314
6095527645
13143078613
16981248160
15648142476
15784467211
7859563174
13340644904
5528289271
15163556110
3100254171
14645499105
14426126720
11453756263
15902791449
12302723073
15827824972
17103996600
16806636176
7982135438
17101467159
