8824773452
4414105048
7963058086
9584332731
7636933808
302885065
16678260296
16226751606
15139676444
4212343249
14013468916
9385021677
9857037644
15974886366
15627776595
13761155765
5472505412
15907423884
14985736520
15845821489
4691764178
15240138439
14254057325
6783434676
8171636289
4489562481
8493410514
14222709126
16155853425
15095378119
4489556297
14543035039
9365553435
11986048006
6654627655
6167838446
16625138616
15803226921
2984364895
4784720700
6662003177
7184283366
8288685446
4489554153
27317742422
14985792108
8473119993
15775955175
16177273600
14561614035
